4 6
-2 6 0 -1
C 1 10
P 1 4
C 3 7
P 2 2
C 4 -5
P 1 4
5 9
1 5 -2 4 3
P 1 2
P 1 5
C 4 -5
P 1 5
P 4 5
C 3 0
P 1 5
C 4 -5
C 4 -5
4 6
-2 6 0 -1
C 1 10
P 1 4
C 3 7
P 2 2
C 4 -5
P 1 4
5 9
1 5 -2 4 3
P 1 2
P 1 5
C 4 -5
P 1 5
P 4 5
C 3 0
P 1 5
C 4 -5
C 4 -5
20 6
0 1 2 3 4 5 6 7 8 9 10 11 12 13 14 15 16 17 18 19
P 1 4
P 15 20
P 1 1
P 20 20
P 10 10
P 1 20
20 7
0 -1 -2 -3 -4 -5 -6 -7 -8 -9 -10 -11 -12 -13 -14 -15 -16 -17 -18 -19
P 1 4
P 15 20
P 1 1
P 20 20
P 10 10
P 1 20
P 14 20
30 5
-89 -70 -79 -13 32 -13 54 30 64 -49 82 15 -79 -85 78 -10 2 16 -96 -61 -51 -95 -63 -79 -55 -70 64 37 -70 -31 
P 11 21
P 10 18
P 8 14
P 20 30
P 24 24