10010
1

10000
1000

10000
10000

10010
1

10000
1000

10000
10000

100
100

101010101010101010101010101
111111111111111111111111111

1111111111111111111111111111111111111111111111111111111111111111111111111111111111111111111111111111
1111111111111111111111111111111111111111111111111111111111111111111111111111111111111111111111111111

1010101010101010101010101010101010101010101010101010101010101010101010101010101010101010101010101010
1010101010101010101010101010101010101010101010101010101010101010101010101010101010101010101010101010
