100001000

1010001000

1001000001

10010010

100010000010

100000010

1000001

10101010

1000101001

10000100

1000100101

10100000

1001000101

1000

100100101

1010010101

10100101

1010001

1010000101

10100000

10001000

10001000

100

1010010100

101000010

100010

10001000101

1001000101

1000

10100001

1000000000

100010001

101

100001001001

10000101

100001010

1000

100010010101

101000100

10101000

1001

10010

1010000

10010101

1010001

101010

100100

100101001

1001000000

1000100101

10001000101

100000

10010

100010000

100100010

1010010

10101001001

1010000000

101001

10000

1000010

101010001

1000101000

1001000100

10100100010

1010100

101010000

10101010

1010000

10100100001

1010

10101000101

1010000101

1000100001

10000010

10101000

101010100

10000000001

10000

100010001

10101

1000101

1000

10000000

101000101

100100000000

101000001

1000100

1001001000

100000

101001

1000100

10001001

1001010

1001000001

1010100100

10100010

10010010010

1010001

1001010001

1010101001

101000

1010101

101000

1010001001

10000100

1010000000

1000000

100000010100

1001001001

100000000000

10001

101010100

100001000

1001000001

10000001000

1000100001

10000

100100001000

1010101010

1010000001

10100010010

1010000100

10010100

100

10000000010

1010

100010

10010101000010010001001010001010010100100000010101001010010101000001001000101000100000000100

10000100000010100100000010100010000000001000010100000101000010001001001000

100100000010100100101001010101000000101010101001001

100000000100101010101000010000101001000000

10101001010100001010010010100101010000001001010000101000100000000

10000010010100001010100010010010100100000000001010010100000000000000101010000

1000001010001010100010000000100000100100010001010001010101001000100001000000010010010010010000

10000100100101010001010010000000000101010100101

10000100100000100010000100000000000

10000001001010001000010001010010100100100010001001001000000010101000000000000010101010010101010000010

100010010010010010000000100000001001000010001000010000101000100000010010101000101010101000001001

10010100000010000010010101000010010001010000000010101010100001001000010100100100001

100010101001010010101000100100101001000001000010001010

100000100010100001010100100101001

10001010010000000101010101001000100100001000001001

1001001010000010100100000100001001001000010001010101010010010001010001001

101001000000100010000010001010100000100010001001010001001010000

10100000010010100010010100100101000010001000000010010000010100101001010010100101000000000000101

100001010001001

10000010101010010000010100001010000010100101001000010101010100001001

10010000010100100001000001000000100010010100

101000100101000010100101001001001001000000010000010010010010000001001000000010010010101

100001000000101000001001

1001010010100100000010000010101010100100100

10010010000001001010010100001001001000010100000010100101010

1001010010000010100100001010000101000101000100101001010010101001000000

10010010010100100010100000001001010100010100101001000000101010010

100010000010010001010010100100000010000010100100001000010100100100100001000001001010001001

1000010001010000010000000000100000000000000000001010010

10000001010100101010001

1010010000001000100100001010101000010100101001000000100100000010100100101010101000010000

101000010010100010000000101000101001001000010100010000010000000001001

1010100000100100000100101001010000000101010010001010010101000101000000100

1010000100100000000010100010100100100000010000010000101001010001010100001000001010101010000101001

101001010100000010001010010101010101010100000001000001010100000101

10010010100101001000100

1010000000010010010000010101001010001001001001001001010001010100000

10000000100100101010000010100100000000010100001010100101000101000001000000100

1000010101000100001000100010000001010010001001010010101001010100100101000010000001001000100001000010

101000001000010101000000010100101000010100

101000100010010010100000101001

1000000100001010000

1010010000010000100010000001001010000100

100001010000010001010010000100000101000000001001001010000101000000100010000100010100100001010010

10101000000000100000101001010101000000000010100100000010010000010001010010010010001010

10010001000010101000001010101010001010100100010001010000001001000010000

1000100101001001001010010001000101001010101000100000100100101000

10001010000000100010001010010100010010101000000100010000010010100000010101000000000100001010101000101

100101010001001000101010100101010000101001000100

100100001000010100001010001000010100000001001000100101000000010000000000001000000100100100101

1001001010010100100100000100010000100000101010001000100

10100001001000000010101001000000100001000010100010010001010001010

101000100001000101001010000100100010010000100001010000101001000100101000100101000010101001010010100

10010010010001000010001010100100000001000000100000010010100

1010000100010001000000010010101000101001000010001001010100001010

100101010010010101010100100100001010010000010100010101010001

100010000100101000000101000010100010100101000101000010010

1010101010010101001010000

1000010100100001010001000000001010010001000101001010010000101001001010100100000000000010100010010001

1000000101001000010101010101010010100010000001001

1010101000010010000010100001010010101000100010100100010010001001001

1000010000001010101000010010000010010000001010010000

100010101010100000000100010001

101000000000100010010100100010001000100010100000010000010010001000100

1001010000000100101000101000010001001010001000001001000100101010000000101000101

100010010100100101000010001001010100000001010100010100001

10001001010101000101000001001000100100100001001000000001010100010001010001000010001000

10010001001010010100100101010000010001010100000000100100001001

1010010010101000100001000010000000100010010000010001010000010000000101010

100100100010100100000000010100000010001

10100010100000100001010010000000010010101001010001000001000100101000010000100001000

10010010010010100010000100001000100000001010010001010001001000010100100001000100000000000101001

10001000010001010000100100000001001010100001000000000

10100010010010100100000100001001010001001000001010000101000010100100

1001010010000010100001001001010101000000101010101010000010000100001010101000101000100

10100010000000000010100001

1000001001010100101010100101000100101000010101000000101000100001000100001

100100101010001000100101

101001000100100010010010000010100000100010101001010001001010010010000010101001001001001010001

1001010000000000101010000100001000010101000010100000010010100100000

101000100100100001010100100

10001000100001000

10000000010100010010001010000001010101000101000000000101

101001001001010100001000101000010001010010100100001000

101001010000010100001010010010010101000010000010000101

10100001000010000100100001000000000000101000010010101010010100001010100010010101

10000001000010100000000001000101001010100100000010010101000000101010

10000101000000001000010100010100000000001010000001010101000100100010

100000001001000100000001001000100010001001010000101010001001001000000000001010000001

10010101010101010001010000100010000100100100101000010000000000101010010010010101000001010000000010001

1001000010010010000100101000010010010010100100010010010100101010000000101000100001010100010

1000000101000010010000

1000010100000100101010010100000101001010010001000010001000010100100010101010101000101010001001

100100101001010000000001010101001010001

10101001001010101000000001000010000100010001010100000000

1001001001001010000101000010000100001010001000100001010010101000100010010100010010000010000010100101

1001000001000100101010000100101000010010

1010001000100001000010010000010010000101

10100001000010010010010000100010000100010000000101000001000100001000000100101001010000010101

101010010000000100100000000000100101001000010010000100010100100010010

10100001000000010010000010010010000101000101010000000101

101010000010101010010000100000000010000010100101001000101000101001

10010100000010100100000010001000010000100100

100100101001010100101010000100010000100100010001000100101001001000010010000001001010000

100010100010010010010101000010000000010101

10000010000100010001000010000010000101000

101000000000101000100000010000000001000100100100001010010101

101000101010001000100000000001001000101010100001010000001010100000001000000100101

1010000001010100000000000010000100000100010000000010010100010000010000101001001001

100101010001000000000000101001010

1001000010010010010101001010100000010100000100001010100010010001000101000010

100101000010010000100010010100001001001000100010001010100010000000101010100010100100001010001001

1010000010100100001000101001000

10000001010101001010001000010100100000100000010101000010010010100010001000100001010000010001001000001

1001001000100100010100010100010100001000010100000100010000000000101001010000100100001000100001010100

1010010000101

101001010001001000001001010000101010000010000100010001000010000010010100010000000001010001000101

101010001000101010000001010010100100100000100101010100000101

101000100000100010101000101001001010100100000010001000000000001010010100000100010101010

100001010100001000010000001010100001000010010010100100001010100010001000010100010010100010001001

100010000101001010101000010100000010101000001000001000001001000010001001000

1010010000000101000100010010101000001000101001000

1000010000010001001000000000010000101

1000101001001000010000001000100100000000100100000010000000100000010100000010000010010000

1010001000100000100100100100000010000010101010100000100101010100010000

1001000000000010001001000101010010100010010100010010001000100010010101

100010100100010000001001000101000000000000010100100101000000100010101010000001

101000001000100000010010000101010010000001001010010010001010101010100010

