5
4 5
5 5 6 7 8
5 5 6 7 8
5 6 7 8 8
6 7 8 9 9
4 5
4 5 6 7 8
4 5 6 7 8
5 6 7 8 8
6 7 8 9 9
4 5
5 5 6 7 8
5 5 6 7 8
5 6 7 8 8
6 7 8 9 9
4 5
4 5 6 7 8
4 5 6 7 8
5 6 7 8 8
6 7 8 9 9
8 18
10 10 10 10 10 10 10 10 10 10 10 10 10 10 10 10 10 10 
3 7 9 10 10 10 10 10 10 10 10 10 10 10 10 10 10 10 
5 10 10 10 10 10 10 10 10 10 10 10 10 10 10 10 10 10 
6 8 9 10 10 10 10 10 10 10 10 10 10 10 10 10 10 10 
4 5 10 10 10 10 10 10 10 10 10 10 10 10 10 10 10 10 
7 10 10 10 10 10 10 10 10 10 10 10 10 10 10 10 10 10 
0 8 10 10 10 10 10 10 10 10 10 10 10 10 10 10 10 10 
6 10 10 10 10 10 10 10 10 10 10 10 10 10 10 10 10 10
