9964.61 8520
13773.09 8976
12910.18 1644
6810.71 2408
9157.38 10155
14151.5 9486
6333.26 12172
6075.48 5375
16988.4 19632
18025.7 19979
13842.42 12830
9160.91 18590
7118.71 12386
14854.76 666
15124.83 1353
17037.57 18891
3545.23 9331
9741.41 15000
18086.39 13763
16277.21 16320
9520.1 4118
14380.13 9314
13279.59 9807
8205.82 10550
1843.04 12683
14938.43 8413
2076.24 1301
9660.96 3978
13448.85 2395
11241.01 18811
15631.99 8084
17826.26 436
10523.24 1227
14233.37 7022
747.83 342
4757.13 4952
16964.41 500
9782.47 12212
18401.55 19321
14934.6 17836
6355.98 7407
17571.64 445
12587.6 5800
2458.23 14645
3413.13 18934
7317.11 13517
15779.1 7864
16145.32 12169
14574.27 16602
14764.39 8526
15478.04 4679
5534.46 17660
1801.76 14996
10502.84 8970
13111.83 19542
14938.2 3142
18632.42 11468
8367.09 5804
18751.08 8103
16322.31 19680
14187.03 5495
13715.97 11735
6908.44 12968
2167.1 13104
11620.73 19324
10135.77 2015
865.48 968
6526.06 12387
5011.84 9616
18654 11363
14381.95 6463
2845.24 3032
11928.41 9367
13408.75 5354
5883.38 6741
19528.52 10266
1038 5948
15734.21 19833
15848.36 2532
13385.46 17353
19799.46 8910
8559.97 7769
19382.89 11322
18208.98 5666
14766.68 9229
3531.65 17947
5211.33 14702
16863 13516
19559.28 4611
6262.99 7267
1749.34 18817
18794.13 8295
14057.28 6697
9748.57 15131
18563.9 11273
8827.86 11788
4136.74 17192
17373.38 11057
13577.33 16107
14160.38 11227
11511.69 10920
17367.8 15205
12506.01 12046
15143.08 5623
19265.3 10771
6556.91 9508
18902.64 4728
14451.47 16464
8205.07 1636
6732.27 17585
7824.11 12278
16932.88 6928
9718.9 4438
5610.24 5363
3627.8 5902
9401.77 15320
5922.49 14343
15417.71 16653
10800.43 1994
19231.58 16968
19134.26 488
17710.77 16495
4748.59 10132
3555.31 3204
5850.73 5504
1255.59 14718
13723.06 15383
15295.96 14289
5895.63 8540
8173.82 10170
7084.56 10769
2107.01 14814
18182.32 16408
17820.31 13479
18595.92 1067
4147.99 10322
15810.19 12649
6214.51 3164
8815.78 8033
212.2 2197
5924.32 2741
17766.25 13472
19325.53 16044
14643.69 15085
7524.1 2587
2556.53 5210
7074.1 10809
11664.51 7122
3098.4 10251
8134.15 1802
13987.03 16008
15986.66 16040
10306.24 8674
18134.79 13265
6220.26 6882
19110.89 12319
10215.53 18903
16416.54 2788
10370.87 1993
11482.13 15685
15018.48 5686
19991.83 11408
17739.4 13475
18507.74 444
6683.04 16385
3769.67 19508
13715.2 18576
11065.02 18984
16953.71 17496
14605.69 17293
11654.14 9546
10707.26 13982
18541.99 19501
14388.29 8332
7970.84 6787
494.38 10204
5455.51 14653
14264.87 15479
15988.78 14288
6197.44 8473
16795.98 10071
3159.21 5546
6251.43 3549
19036.54 428
16923.79 15752
11643.02 11585
10857.13 15109
4036.05 13046
11990.59 4906
7510.83 15290
17751.58 11443
13519.27 14710
7098.12 19011
14448.93 6470
17580.05 2168
10464.65 15306
12602.04 7335
3551.48 10079
5547.67 1684
6380.15 16946
16560.49 16581
9656.9 4099
19207.9 1065
7494.11 5716
9183.26 5436
7195.56 19246
18422.16 15258
461.26 11006
15090.5 15024
5889.28 7360
4845.31 5015
7166.06 12343
9306.67 17729
3237.38 4324
11388.15 1507
3974.87 14359
16727.92 14729
489.86 16522
4309.62 1203
9412.19 11928
9423.44 7026
18867.46 2406
10457.17 1080
18337.6 10089
2165.39 5208
10447.41 5896
1396.25 3622
1631.18 10021
12829.37 15505
8698.87 18836
9600.92 3501
6978.2 15056
6181.44 10798
10442.64 18340
6932.36 1885
2234.32 4724
122.48 283
1310.6 11407
14070.49 10194
3752.17 1679
15384.71 4140
16190.73 3383
8205.26 12069
4558.23 31
3923.71 11512
19363.77 11620
5224.92 4904
16628.4 13184
877.02 19494
15198.6 18701
3542.85 15511
4918.52 19883
16197.53 7346
17507.26 11919
7899.24 7945
10803.9 10158
17218.8 2501
19415.17 4548
4792.42 12259
7390.59 17538
10454.48 9671
3070.64 14313
7207.97 10925
9541.81 5966
14344.27 8498
13253.05 14678
14667.11 18265
17660.21 5351
8147.25 7612
3830.96 14417
9413.25 4929
13728.59 12836
8781.99 14021
12254.7 1261
4263.08 9609
14240.55 7413
8509.16 10370
5078.63 12187
18567 6522
12377.36 16507
1281.66 18604
4808.44 7320
3790.92 4452
6699.37 17997
19364.75 265
10149.3 14296
11309.47 847
18165.54 10003
16689.28 10
2176.96 19501
13647.24 8036
9731.45 13229
321.51 19801
11673.6 9661
3113.3 13889
16535.45 3906
19030.31 9841
16871.09 19763
5426.06 12702
12354.86 19031
3880.07 19743
1183.79 19406
19229.31 5216
16285.41 2044
4901.01 19513
4595.4 14145
19999.9 16749
16850.59 19579
6633.5 2490
14304.15 17875
10971.41 17922
3352.24 13618
11826.81 15810
9024.1 10207
18888.78 8971
16893.87 14325
19281.16 9019
9193.54 17920
4509.92 15677
774.47 13033
3670.56 10892
12258.1 16859
16445.27 16539
2668.25 14313
19108.84 11393
4317.5 858
14855.72 18139
18641.11 8274
8006.18 10989
19785.42 13790
13016.62 18665
6573.36 12761
14601.29 8636
2363.54 3842
6801.57 16803
11647.6 2951
13409.09 16763
12692.63 9228
2013.31 11498
9134.54 4150
2207.62 12406
15879.89 18634
16019.41 14575
19952.3 12136
2008.44 7489
19654.39 14534
18162.44 14053
6124.81 9057
2221.32 6503
11414.42 7746
5930.87 13183
18728.15 19106
19476.9 543
16555.65 4446
9981.04 11053
15869.3 13028
3242.87 11906
3086.2 12908
15861.01 85
19075.04 8435
18951.31 5216
12366.12 7160
7537.82 13477
8317.74 10344
847.85 18172
19967.9 19245
7320.15 2604
17407.75 264
693.45 13651
10.48 16261
1984.04 5265
3987.55 2291
15982.65 780
11004.46 18311
4782.68 7575
12877.53 12031
9440.78 7703
14012.57 4920
18313.44 17910
13964.3 14131
14758.19 1805
17568.72 8071
19444.19 328
13384.16 9531
3098.48 19469
3978.29 12489
3012.6 7643
4078.92 6921
16461.67 5891
15248.98 210
1954 18248
10994.82 8517
9075.75 12616
1956.59 9962
17310.38 11391
10001.61 7193
17640.43 17538
4858.75 11075
1428.72 10331
10275.71 17762
12744.76 16399
8534.7 16182
12776.25 3785
1128.92 12284
6059.24 2761
3166.34 8547
1925.29 5443
12637.63 15374
9003.16 7724
8760.88 554
10462.13 3838
1049.77 14734
10601.55 10696
6554.24 2569
6746.47 12110
10439.55 11228
7460.34 2637
9692.98 19762
1898.12 13439
10655.64 3943
17614 15660
9222.93 13908
9175.52 817
18124.81 19177
4945.58 6292
9211.75 4701
9151.24 2776
11797.82 12335
8576.97 5566
18126.24 16468
10361.81 5695
16925.86 16876
10193.83 9986
17299.31 2235
4080.22 5763
1259.02 5833
2389.86 14212
12769.58 19184
7193.56 10249
12303.06 14752
4997.74 12635
8144.91 11497
11364.94 558
6023.19 4121
6995.17 2022
1510.28 7955
13684.64 13398
15832.52 9357
5412.87 913
17146.12 3149
19300.19 19139
16350.4 150
10444.74 3526
19036.12 7656
2495.99 16079
5349.47 1638
4545.43 11360
8860.91 7049
4248.23 10956
14543.72 13707
19418.56 3040
17871.3 4875
747.78 1531
19774.61 13943
9748.97 13327
19012.89 11988
6978.43 15610
18219.48 18026
5228.15 16808
344.81 15493
4223.85 14671
5756.23 8979
11248.82 10095
6434.01 13421
7378.64 13972
15586.15 3088
16187.74 15855
18078.35 2834
554.58 8180
14009.58 1051
15471.38 12651
8441.75 19068
8025.04 18335
18697.36 8727
12201.99 10347
2582.89 2716
7450.75 16903
466 9409
18527.93 13401
11693.03 9896
14929.11 17119
9288.86 13568
7961.45 2606
17642.3 17266
2488.97 350
5231.04 2387
13463.51 1365
17888.97 1836
865.82 4098
6868.02 18662
