311939552.498
595953820.129
523616604.783
145725031.115
263446429.890
629150856.756
126009848.224
115960736.459
906681639.999
1020784679.450
601968685.593
263649588.256
159203443.218
693225786.909
718669668.232
911937702.071
39485593.595
298121642.249
1027669909.317
832357304.435
284729669.980
649644048.483
554012005.778
211540642.671
10671350.310
701067355.448
13542638.690
293217752.149
568224132.197
396972601.088
767676711.795
998286765.269
347893989.269
636451468.574
1756835.943
71095120.658
904098945.205
300640097.064
1063796794.042
700707964.873
126915558.294
969973873.271
497777950.501
18984313.117
36597845.963
168201174.855
782193645.648
818923186.601
667303625.121
684826962.036
752630253.221
96227758.467
10198674.762
346547951.644
540102869.716
701045365.532
1090657478.000
219937188.358
1104593294.752
836976200.784
632313933.994
591020989.978
149937351.738
14753931.417
424244955.042
322747333.553
2353211.141
133798726.165
78912215.701
1093185330.935
649808448.303
25432401.615
447007650.827
564841191.232
108743575.725
1198087417.747
3384889.526
777749516.834
789074633.907
562880838.056
1231562702.939
230194164.849
1180285067.398
1041648089.099
685039424.920
39183676.062
85319246.184
893345670.684
1201864385.403
123229093.897
9613871.612
1109671122.423
620800988.550
298560046.165
1082650524.929
244827797.917
53760873.254
948240470.941
579133395.647
629940696.097
416320714.800
947631479.096
491345967.615
720407483.775
1166007652.134
135066699.104
1122521509.092
656105855.194
211501467.984
142387843.909
192317918.096
900764940.814
296745372.214
98880955.394
41346282.115
277695668.566
110194147.907
746774719.611
366463940.365
1161929543.811
1150167827.359
985427660.347
70840104.318
39710425.730
107539965.247
4952740.297
591632175.755
735027075.618
109196891.048
209893980.809
157679637.751
13947072.333
1038600328.963
997654960.714
1086382349.747
54053677.640
785279089.360
121328651.208
244158200.726
141462.080
110262163.534
991611135.312
1173309772.788
673675747.827
177851922.324
20532959.673
157214369.279
427447533.979
30159546.956
207861159.917
614611772.016
802907174.777
333695490.649
1033177448.521
121553337.712
1147391635.038
327847345.586
846667254.576
337893263.953
414185394.590
708600974.701
1255610535.173
988616171.271
1076074046.631
140313023.521
44643324.886
590954650.226
384639845.256
902982562.156
670183946.342
426687876.274
360169186.774
1080096478.729
650381525.955
199598831.164
767841.589
93501929.220
639271726.582
803120131.498
120663104.417
886258762.621
31354997.511
122774561.287
1138440414.383
899798192.896
425874011.328
370322360.554
51175598.622
451679999.538
177225301.977
989974205.451
574190949.475
158283825.932
655875153.087
970933479.524
344032344.894
498920704.738
39624937.587
96687449.423
127882654.158
861581227.541
292971362.619
1159063221.581
176437100.510
264937562.766
162659361.337
1066181052.504
668407.691
715413480.687
108961789.159
73755242.527
161328365.642
272106234.947
32925856.315
407431846.484
49635879.055
879090820.566
753865.413
58347983.865
278311545.900
278977227.701
1118346170.465
343538772.412
1056415671.076
14730653.738
342899670.373
6124575.985
8358986.427
517083311.692
237725377.558
289584519.253
152980714.518
120040878.326
342586682.882
150977171.191
15683409.807
47124.260
5396226.595
621968355.046
44229687.671
743581086.214
823535801.440
211511773.742
64828317.499
48366387.813
1177957665.207
85764793.122
868661917.505
2416400.183
725699853.006
39432597.993
76000902.384
824228079.301
962911149.843
196029054.647
366700039.280
931440632.005
1184219286.242
72153864.670
171596364.896
343363964.254
29621542.139
163220908.027
286029825.642
646408019.408
551799791.845
675832328.327
979809170.599
208531616.221
46106811.928
278374173.756
592109086.278
242290136.519
471795119.132
57094832.992
637093753.048
227469527.709
81029470.506
1083012028.964
481288968.769
5160544.475
72637054.009
45148046.917
140999571.277
1177966581.558
323610078.244
401818932.304
1036684175.124
818585206.126
14888493.777
585112648.790
297512328.874
324742.281
428114027.456
30450315.809
858977369.706
1137736180.403
894203056.039
92495166.505
479540754.064
47296498.174
4402498.321
1161655008.846
833194860.416
75460736.998
66343212.643
1256624465.623
892031290.258
138240367.209
642797198.234
378159272.291
35303687.088
439425343.558
255833636.345
1120876215.929
896619447.946
1167928226.581
265531105.594
63898040.069
1884339.079
42326709.132
472058891.833
849633990.668
22366750.588
1147145481.448
58561296.556
693325661.201
1091675011.418
201372679.524
1229816754.123
532287561.206
135745265.288
669780173.689
17549938.233
145334327.945
426208827.134
564869952.905
506119510.771
12734184.926
262133828.560
15310821.522
792218252.021
806200183.966
1250649994.815
12672653.083
1213581641.685
1036330412.850
117851490.498
15501440.542
409314869.892
110506205.280
1101893504.803
1191735427.369
861077420.414
312969085.914
791161957.759
33037633.467
29922507.837
789616056.251
1143090846.832
1128309485.337
480415189.302
178501299.395
217350441.994
2258332.648
1252606471.344
168340809.861
951906196.222
1510706.724
345.042
12366608.635
49953004.163
802495773.855
380441019.181
71860870.027
520972733.052
280004866.307
616858203.768
1053633871.618
612615807.829
684250605.037
969683646.845
1187689791.568
562771480.578
30161105.767
49721329.256
28512333.835
52268518.206
851329284.992
730409921.009
11994964.939
379774745.034
258770582.481
12026783.774
941375852.764
314260392.821
977615768.266
74164992.420
6412746.827
331721439.971
510285449.914
228837071.738
512809988.562
4003835.150
115341556.395
31496690.891
11645069.543
501742781.180
254647702.017
241121549.369
343866527.544
3462088.573
353092570.532
134956597.374
142989135.413
342383957.410
174850429.309
295164755.402
11318716.633
356704647.533
974688506.837
267231520.551
264488603.801
1032040618.019
76839452.788
266583968.897
263093060.155
437273728.447
231109374.701
1032203468.466
337303644.513
900018323.514
326455971.752
940171026.006
52301837.526
4979836.074
17942988.520
512274916.799
162568944.536
475528054.129
78468829.158
208411860.534
405765379.531
113973223.249
153725431.425
7165801.441
588324061.532
787498854.395
92045304.396
923594423.997
1170234867.069
839613913.821
342724309.447
1138430943.257
19572015.171
89902200.167
64908234.800
246664395.418
56697758.778
664508999.600
1184632398.713
1003372151.254
1756694.916
1228473272.086
298584545.015
1135654232.847
152990799.418
1042849936.986
85870885.487
373516.306
56048866.377
104094099.954
397524389.643
130050887.405
171041895.894
763180519.188
823232110.666
1026755640.212
966224.926
616591476.398
751982893.568
223879762.665
202322543.334
1098273273.754
467747177.427
20958553.570
174401351.305
682215.644
1078459050.151
429540354.633
700192893.976
271065778.227
199128671.282
977823045.812
19461032.126
85965749.321
569462241.894
1005355588.707
2355076.016
148187976.172
