1
2
3
4
6
6
8
8
9
12
12
12
16
16
16
16
18
18
24
24
24
24
24
24
27
27
27
32
32
32
32
32
36
36
36
36
48
48
48
48
48
48
48
48
48
48
48
48
54
54
54
54
54
54
64
64
64
64
64
64
64
64
64
64
72
72
72
72
72
72
72
72
81
81
81
81
81
81
81
81
81
96
96
96
96
96
96
96
96
96
96
96
96
96
96
96
108
108
108
108
108
108
108
108
108
108
108
108
128
128
128
128
128
128
128
128
128
128
128
128
128
128
128
128
128
128
128
128
144
144
144
144
144
144
144
144
144
144
144
144
144
144
144
144
162
162
162
162
162
162
162
162
162
162
162
162
162
162
162
162
162
162
192
192
192
192
192
192
192
192
192
192
192
192
192
192
192
192
192
192
192
192
192
192
192
192
192
192
192
192
192
192
216
216
216
216
216
216
216
216
216
216
216
216
216
216
216
216
216
216
216
216
216
216
216
216
243
243
243
243
243
243
243
243
243
243
243
243
243
243
243
243
243
243
243
243
243
243
243
243
243
243
243
256
256
256
256
256
256
256
256
256
256
256
256
256
288
288
288
288
288
288
288
288
288
288
288
288
288
288
288
288
288
288
288
288
288
288
288
288
288
288
288
288
288
288
288
288
324
324
324
324
324
324
324
324
324
324
324
324
324
324
324
324
324
324
324
324
324
324
324
324
324
324
324
324
324
324
324
324
324
324
324
324
384
384
384
384
384
384
384
384
384
384
384
384
384
384
384
384
384
384
384
384
384
384
384
384
384
384
384
384
384
384
384
384
384
384
384
384
384
384
384
384
384
384
384
384
384
384
384
384
384
384
384
384
384
384
384
384
384
384
384
384
432
432
432
432
432
432
432
432
432
432
432
432
432
432
432
432
432
432
432
432
432
432
432
432
432
432
432
432
432
432
432
432
432
432
432
432
432
432
432
432
432
432
432
432
432
432
432
432
486
486
486
486
486
486
486
486
486
486
486
486
486
486
486
486
486
486
486
486
486
486
486
486
486
486
486
486
486
486
486
486
486
486
486
486
486
486
486
486
486
486
486
486
486
486
486
486
486
486
486
486
486
486
512
512
512
512
512
512
512
512
512
512
512
512
512
512
512
512
512
512
512
512
512
512
512
512
512
512
576
576
576
576
576
576
576
576
576
576
576
576
576
576
576
576
576
576
576
576
576
576
576
576
576
576
576
576
576
576
576
576
576
576
576
576
576
576
576
576
576
576
576
576
576
576
576
576
576
576
576
576
576
576
576
576
576
576
576
576
576
576
576
576
648
648
648
648
648
648
648
648
648
648
648
648
648
648
648
648
648
648
648
648
648
648
648
648
648
648
648
648
648
648
648
648
648
648
648
648
648
648
648
648
648
648
648
648
648
648
648
648
648
648
648
648
648
648
648
648
648
648
648
648
648
648
648
648
648
648
648
648
648
648
648
648
729
729
729
729
729
729
729
729
729
729
729
729
729
729
729
729
729
729
729
729
729
729
729
729
729
729
729
729
729
729
729
729
729
729
729
729
729
729
729
729
729
729
729
729
729
729
729
729
729
729
729
729
729
729
729
729
729
729
729
729
729
729
729
729
729
729
729
729
729
729
729
729
729
729
729
729
729
729
729
729
729
768
768
768
768
768
768
768
768
768
768
768
768
768
768
768
768
768
768
768
768
768
768
768
768
768
768
768
768
768
768
768
768
768
768
768
768
768
768
768
864
864
864
864
864
864
864
864
864
864
864
864
864
864
864
864
864
864
864
864
864
864
864
864
864
864
864
864
864
864
864
864
864
864
864
864
864
864
864
864
864
864
864
864
864
864
864
864
864
864
864
864
864
864
864
864
864
864
864
864
864
864
864
864
864
864
864
864
864
864
864
864
864
864
864
864
864
864
864
864
864
864
864
864
864
864
864
864
864
864
864
864
864
864
864
864
972
972
972
972
972
972
972
972
972
972
972
972
972
972
972
972
972
972
972
972
972
972
972
972
972
972
972
972
972
972
972
972
972
972
972
972
972
972
972
972
972
972
972
972
972
972
972
972
972
972
972
972
972
972
972
972
972
972
972
972
972
972
972
972
972
972
972
972
972
972
972
972
972
972
972
972
972
972
972
972
972
972
972
972
972
972
972
972
972
972
972
972
972
972
972
972
972
972
972
972
972
972
972
972
972
972
972
972
1024
1024
1024
1024
1024
1024
1024
1024
1024
1024
1024
1024
1024
1024
1024
1024
1024
1024
1024
1024
1024
1024
1024
1024
1024
1024
1024
1024
1024
1024
1024
1024
1024
1024
1024
1024
1024
1024
1024
1024
1024
1024
1024
1024
1024
1024
1024
1024
1024
1024
1024
1024
1146617856
1358954496
1162261467
536870912
1934917632
301989888
272097792
1073741824
1719926784
1019215872
483729408
1146617856
22674816
2147483648
1358954496
764411904
536870912
483729408
725594112
1289945088
1146617856
286654464
1451188224
1610612736
1358954496
452984832
1451188224
1019215872
214990848
1289945088
1451188224
1451188224
1289945088
1377495072
1451188224
40310784
805306368
1207959552
1528823808
603979776
201326592
1451188224
1811939328
301989888
905969664
573308928
644972544
2066242608
1451188224
905969664
2066242608
2147483648
1811939328
603979776
1289945088
1146617856
241864704
509607936
1451188224
1610612736
1811939328
1719926784
60466176
1836660096
516560652
679477248
816293376
1610612736
967458816
764411904
1632586752
25165824
150994944
429981696
1289945088
1019215872
1146617856
1528823808
408146688
1358954496
1451188224
402653184
120932352
1811939328
1019215872
181398528
1719926784
33554432
143327232
1073741824
181398528
905969664
603979776
1528823808
1528823808
1811939328
1719926784
1358954496
967458816
80621568
573308928
644972544
679477248
1451188224
2147483648
1610612736
191102976
429981696
2147483648
1207959552
573308928
1610612736
1811939328
725594112
22674816
113246208
1358954496
1358954496
1358954496
2147483648
1934917632
1934917632
805306368
1934917632
1528823808
2147483648
483729408
764411904
536870912
679477248
603979776
1073741824
725594112
1811939328
191102976
1934917632
1358954496
644972544
1207959552
603979776
134217728
1610612736
1528823808
1073741824
2147483648
1934917632
1610612736
1358954496
1719926784
1019215872
1451188224
1528823808
2038431744
322486272
86093442
2038431744
905969664
339738624
1377495072
2147483648
1549681956
1019215872
905969664
339738624
1632586752
1811939328
339738624
644972544
859963392
1934917632
1528823808
1073741824
1358954496
805306368
483729408
725594112
150994944
1073741824
1934917632
2038431744
2147483648
967458816
2066242608
2038431744
1528823808
805306368
402653184
905969664
905969664
25165824
967458816
113246208
483729408
1146617856
1549681956
301989888
967458816
905969664
603979776
1073741824
1451188224
268435456
483729408
1934917632
1836660096
1811939328
1451188224
1358954496
1719926784
229582512
2038431744
2147483648
1934917632
339738624
764411904
1146617856
1377495072
1528823808
764411904
1019215872
47775744
573308928
1719926784
1610612736
1934917632
805306368
429981696
452984832
322486272
1289945088
509607936
1719926784
114791256
1358954496
1836660096
536870912
764411904
1019215872
859963392
1289945088
2038431744
1934917632
603979776
1934917632
1528823808
1451188224
1934917632
322486272
301989888
1549681956
1358954496
1451188224
31850496
1451188224
1358954496
1811939328
1811939328
1610612736
859963392
339738624
1934917632
967458816
816293376
967458816
2038431744
644972544
1811939328
1836660096
1528823808
362797056
382205952
1162261467
2147483648
362797056
2066242608
2147483648
1528823808
286654464
1451188224
31850496
452984832
2038431744
918330048
1207959552
120932352
382205952
241864704
254803968
2066242608
764411904
1019215872
1528823808
452984832
50331648
1811939328
1836660096
774840978
241864704
1549681956
725594112
1019215872
1719926784
1811939328
1033121304
1073741824
2066242608
805306368
1528823808
1451188224
301989888
339738624
918330048
509607936
483729408
764411904
1719926784
429981696
1088391168
725594112
1451188224
1528823808
429981696
1528823808
859963392
301989888
516560652
967458816
967458816
1811939328
90699264
71663616
2038431744
1358954496
967458816
241864704
402653184
1610612736
1207959552
1719926784
2147483648
603979776
1528823808
967458816
816293376
1934917632
1289945088
1073741824
859963392
37748736
1146617856
679477248
603979776
191102976
1719926784
1836660096
1358954496
1162261467
1358954496
603979776
1811939328
1146617856
402653184
1934917632
1528823808
967458816
603979776
254803968
967458816
1289945088
1719926784
1934917632
859963392
573308928
1934917632
1719926784
241864704
1207959552
2147483648
1934917632
1934917632
301989888
33554432
452984832
2038431744
1019215872
1146617856
725594112
1073741824
2038431744
226492416
254803968
339738624
859963392
1019215872
1934917632
2038431744
1610612736
544195584
544195584
459165024
1073741824
679477248
1610612736
764411904
301989888
967458816
725594112
805306368
1811939328
805306368
1934917632
805306368
1934917632
483729408
2038431744
1019215872
1377495072
1719926784
1836660096
1358954496
1632586752
1289945088
362797056
544195584
859963392
1836660096
1610612736
1632586752
573308928
2147483648
764411904
204073344
2038431744
905969664
1811939328
1610612736
1528823808
1719926784
16777216
161243136
1073741824
1934917632
1811939328
2147483648
1207959552
1811939328
169869312
1610612736
1719926784
1610612736
1632586752
1836660096
1088391168
1549681956
22674816
2147483648
1451188224
1528823808
603979776
1934917632
2038431744
1073741824
1836660096
1162261467
967458816
1358954496
429981696
1719926784
725594112
483729408
226492416
229582512
90699264
1811939328
2038431744
339738624
2147483648
1377495072
2125764
1811939328
1289945088
181398528
805306368
1610612736
483729408
1358954496
1019215872
1719926784
536870912
967458816
679477248
859963392
573308928
1811939328
286654464
612220032
1811939328
1358954496
1451188224
859963392
1811939328
2038431744
1934917632
9565938
725594112
429981696
1719926784
573308928
1224440064
1358954496
1289945088
1632586752
536870912
2038431744
37748736
322486272
301989888
120932352
362797056
859963392
1033121304
1162261467
1632586752
544195584
2038431744
905969664
2147483648
905969664
1610612736
1451188224
1610612736
679477248
1162261467
1358954496
1019215872
1019215872
967458816
301989888
644972544
1289945088
1719926784
644972544
136048896
1451188224
191102976
1632586752
1073741824
1019215872
1207959552
1610612736
1451188224
1811939328
967458816
2147483648
725594112
483729408
1632586752
859963392
644972544
1528823808
1610612736
1289945088
2038431744
1934917632
1836660096
1528823808
1528823808
1146617856
764411904
725594112
679477248
1549681956
967458816
1528823808
161243136
573308928
1528823808
339738624
56623104
120932352
859963392
1528823808
1033121304
1019215872
1836660096
774840978
1528823808
134217728
509607936
1719926784
172186884
1146617856
201326592
258280326
859963392
2147483648
1811939328
2066242608
1019215872
1019215872
63700992
1224440064
2038431744
95551488
1289945088
1073741824
1207959552
1528823808
120932352
1146617856
1528823808
764411904
1451188224
42467328
1289945088
1162261467
1610612736
31850496
339738624
1289945088
2038431744
603979776
1358954496
1207959552
1146617856
1358954496
2147483648
1632586752
2147483648
181398528
2038431744
905969664
516560652
1719926784
1610612736
1358954496
1019215872
1146617856
1207959552
2066242608
1033121304
1528823808
1811939328
1811939328
764411904
1289945088
2038431744
679477248
1162261467
573308928
1528823808
254803968
344373768
2066242608
1719926784
1162261467
1836660096
1632586752
339738624
1289945088
2147483648
725594112
1073741824
1610612736
1019215872
1019215872
169869312
2038431744
2147483648
1934917632
1811939328
301989888
1289945088
286654464
1934917632
169869312
1528823808
1719926784
2038431744
1146617856
509607936
1934917632
1934917632
1528823808
452984832
1811939328
1377495072
20155392
408146688
483729408
429981696
90699264
1610612736
483729408
1934917632
1019215872
452984832
150994944
1836660096
1162261467
1088391168
1289945088
1207959552
344373768
1610612736
1073741824
573308928
1528823808
1289945088
1019215872
1146617856
452984832
1377495072
1836660096
1451188224
1836660096
1019215872
612220032
1934917632
1934917632
918330048
2147483648
967458816
1224440064
1451188224
1358954496
1033121304
603979776
2147483648
1019215872
1146617856
2147483648
452984832
33554432
2147483648
2038431744
1934917632
1224440064
1632586752
322486272
45349632
25509168
573308928
1073741824
1451188224
1610612736
1811939328
1451188224
764411904
679477248
1610612736
254803968
1162261467
573308928
603979776
1719926784
1119744
967458816
2038431744
1934917632
1836660096
1719926784
402653184
859963392
1358954496
1289945088
1528823808
967458816
241864704
1451188224
1358954496
362797056
1289945088
1146617856
2038431744
80621568
169869312
452984832
1358954496
459165024
1073741824
2038431744
362797056
679477248
725594112
805306368
2038431744
1528823808
1610612736
1146617856
1377495072
612220032
1719926784
1358954496
241864704
764411904
429981696
764411904
1146617856
191102976
459165024
1934917632
1224440064
1451188224
25509168
2066242608
1836660096
204073344
1162261467
402653184
2038431744
7077888
1934917632
1528823808
1019215872
1451188224
402653184
382205952
322486272
1146617856
2147483648
1719926784
1610612736
1289945088
226492416
725594112
1019215872
2038431744
1632586752
2147483648
1610612736
1019215872
1019215872
2038431744
1162261467
100663296
2066242608
2147483648
1632586752
2038431744
1358954496
2147483648
536870912
725594112
573308928
339738624
2066242608
286654464
339738624
1451188224
67108864
1528823808
1289945088
1033121304
1224440064
1146617856
127401984
573308928
1451188224
679477248
362797056
573308928
301989888
1528823808
1019215872
1073741824
1549681956
725594112
1146617856
2147483648
1033121304
1207959552
11337408
1146617856
612220032
859963392
1528823808
50331648
1358954496
679477248
1073741824
1632586752
382205952
905969664
764411904
764411904
1162261467
229582512
1019215872
1451188224
859963392
143327232
1811939328
1934917632
573308928
612220032
1162261467
1610612736
181398528
483729408
1451188224
1811939328
63700992
859963392
1594323
1610612736
1019215872
161243136
1146617856
1934917632
644972544
2038431744
1146617856
1811939328
1528823808
1146617856
1811939328
1358954496
544195584
1528823808
1934917632
1207959552
1610612736
688747536
8957952
1934917632
805306368
362797056
603979776
1549681956
725594112
1146617856
1719926784
1610612736
339738624
71663616
1610612736
1811939328
1549681956
1207959552
905969664
1358954496
905969664
1289945088
1451188224
1528823808
1528823808
2038431744
1358954496
905969664
2038431744
1073741824
268435456
1146617856
1719926784
1358954496
573308928
1528823808
679477248
905969664
859963392
2038431744
1224440064
1451188224
382205952
1358954496
688747536
1358954496
254803968
725594112
1207959552
573308928
1836660096
1632586752
967458816
509607936
1019215872
1528823808
1358954496
2038431744
1146617856
1162261467
2038431744
918330048
120932352
2147483648
1719926784
1528823808
301989888
1289945088
1162261467
816293376
1934917632
905969664
57395628
2147483648
201326592
2038431744
107495424
967458816
1207959552
967458816
679477248
679477248
1358954496
1207959552
573308928
339738624
905969664
1549681956
1146617856
2147483648
1207959552
1146617856
37748736
764411904
1719926784
2066242608
1836660096
1146617856
1549681956
2038431744
764411904
509607936
