0.800
0.100
-1.200
-1.100
-0.300
-1.400
4.700
2.900
4.700
2.500
1.700
-1.800
2.800
1.800
0.000
-0.100
1.000
1.800
0.000
1.600
0.000
1.800
1.300
-0.100
1.200
1.700
0.800
0.900
9.700
0.400
-0.200
0.200
4.800
-1.200
-1.800
0.400
-0.500
2.900
-0.500
2.700
-0.600
0.000
8.900
-0.700
0.600
-0.500
-0.800
-0.700
1.300
1.600
-0.600
0.100
1.100
-0.800
3.100
-0.400
5.800
4.000
0.300
-0.800
-0.100
-0.900
-0.800
-0.100
2.300
1.700
-0.400
-1.200
5.000
3.000
-0.800
1.600
2.800
8.100
-0.300
0.100
-0.200
1.300
1.600
0.000
-1.100
3.900
2.900
6.100
0.400
3.700
-0.900
1.600
2.000
3.600
1.800
-0.300
2.200
1.000
4.200
1.000
2.300
2.100
2.000
3.300
