6 7
8 9 6 2 10 9
6 14 9
1 19 6
6 25 1
2 30 1
3 30 1
3 25 4
1 22 7
2 16
6 1
2 26 5
2 15 7
1 28 7
1 8 4
1 24 7
2 16 7
2 7 7
2 1 3
2 14 1
1 12 4
1 16 4
1 4 1
1 10 6
2 4 8
2 20 9
1 26 1
10 5
3 3 9 3 10 1 8 9 4 9
7 28 3
10 18 5
2 24 2
5 23 10
6 3 5
6 5
3 2 6 9 4 8
3 8 9
3 26 9
6 16 3
2 14 2
3 24 9
4 15
8 9 1 3
4 28 1
2 10 8
1 11 3
1 19 1
4 18 9
1 22 8
3 23 9
4 3 4
2 29 3
4 9 2
3 21 4
2 8 4
2 11 5
1 13 1
2 23 5
4 10
9 1 8 3
3 14 1
1 8 4
1 29 3
2 13 4
3 18 2
1 14 9
1 26 9
4 11 7
1 14 4
1 6 4
6 16
2 10 9 9 5 3
4 29 9
1 2 1
6 5 10
4 17 3
4 4 1
5 13 1
4 13 6
3 11 2
2 14 7
6 24 8
5 3 10
4 15 8
2 7 6
5 11 5
2 11 4
6 21 1
1 19
10
1 20 6
1 18 6
1 15 6
1 7 3
1 14 7
1 1 7
1 18 8
1 1 10
1 14 3
1 14 10
1 2 2
1 27 4
1 12 1
1 25 4
1 3 3
1 9 7
1 9 6
1 18 8
1 3 1
6 14
6 9 5 7 3 8
5 4 4
6 10 7
1 14 3
1 1 8
4 19 8
6 23 8
6 20 8
3 30 10
3 16 3
1 24 8
2 29 7
6 16 7
5 10 5
6 29 3
9 17
10 10 6 4 1 3 4 2 2
4 10 5
7 28 2
6 28 6
1 24 4
7 21 1
5 1 3
9 4 1
1 25 9
4 9 5
1 4 7
5 20 1
8 22 9
1 9 6
4 2 9
3 25 1
1 27 9
8 19 9
9 18
4 9 4 4 9 2 7 10 2
4 13 9
2 4 10
4 14 8
5 17 1
4 2 5
4 17 3
4 28 2
9 4 1
1 17 4
9 26 5
4 24 9
2 5 10
9 24 9
8 14 6
9 21 7
1 23 7
8 6 6
3 26 5
2 19
2 7
1 9 6
2 24 4
2 28 3
1 21 3
2 27 8
2 9 7
1 1 3
1 29 8
2 24 4
1 5 5
2 22 3
1 5 8
1 19 3
1 22 5
1 1 3
1 7 7
2 20 6
2 19 10
1 3 6
7 19
7 10 4 8 5 3 2
2 7 3
2 11 9
3 4 10
3 10 6
2 17 3
7 17 10
3 2 5
5 9 7
6 20 4
3 14 1
6 6 5
1 17 7
3 28 10
2 13 7
4 17 1
4 26 6
7 22 10
7 29 9
4 4 7
10 4
7 5 10 4 9 6 10 3 7 7
2 14 8
8 6 6
6 12 10
7 3 1
5 1
7 7 10 10 10
1 6 1
8 5
9 6 3 1 8 9 9 7
2 12 4
1 2 10
7 17 3
1 15 7
3 12 7
8 13
6 9 10 1 6 5 2 3
2 14 9
2 22 7
3 4 3
3 27 4
2 13 6
2 19 2
5 22 10
2 25 10
7 24 10
6 30 5
5 8 9
6 17 10
5 9 7
7 14
9 1 1 1 8 4 2
5 23 6
2 24 8
4 3 5
4 9 5
1 7 8
2 6 2
3 12 10
6 10 2
3 11 1
6 10 3
5 25 4
5 2 9
3 19 7
1 25 1
5 13
5 8 6 3 7
1 16 7
5 26 1
4 6 1
4 15 5
5 2 1
5 3 9
3 13 7
1 8 8
5 2 4
2 9 1
5 6 9
5 6 6
2 28 7
10 4
3 8 6 4 9 4 9 4 3 1
10 22 6
3 15 8
2 27 4
7 17 3
7 12
4 6 8 3 4 7 6
5 6 6
6 4 2
3 9 10
7 6 2
6 3 2
6 7 4
1 29 7
3 25 5
1 12 8
5 25 2
7 2 10
4 13 1
9 12
1 2 4 7 3 7 1 1 2
5 26 9
7 28 7
4 2 3
4 24 6
1 23 10
3 12 2
9 4 4
6 4 8
4 2 3
2 3 1
2 1 2
8 20 2
7 4
9 1 10 2 6 1 7
3 14 1
1 30 7
3 7 4
1 1 10
3 1
2 5 4
1 3 2
3 20
4 7 9
3 8 6
3 10 1
1 24 3
3 23 2
1 21 5
2 13 7
3 23 9
2 6 3
3 13 6
1 8 7
2 3 5
2 6 9
2 10 8
3 1 5
3 6 5
3 4 1
2 12 6
3 24 2
1 1 10
3 28 10
10 14
4 5 2 1 1 10 1 1 6 3
10 22 2
3 5 8
4 30 5
10 2 7
10 3 4
9 2 5
3 3 4
6 7 10
7 7 10
2 27 2
6 21 7
10 30 6
1 14 1
2 10 4
5 15
4 7 10 7 5
4 19 5
5 17 4
3 16 6
2 12 9
2 24 5
1 23 3
1 29 3
5 30 8
5 15 3
4 26 9
2 10 5
1 6 4
1 11 10
4 1 2
3 16 8
9 8
2 1 10 10 4 9 2 8 1
1 27 8
8 25 3
3 4 4
1 21 9
2 1 1
3 14 2
5 21 9
5 5 8
7 6
3 7 7 2 8 4 10
5 18 8
1 2 3
1 20 3
1 3 2
4 24 3
3 22 1
9 19
4 10 7 9 4 5 8 5 2
7 7 1
2 3 1
9 24 2
4 27 3
1 30 5
7 16 10
9 15 3
5 10 3
2 21 1
1 28 6
1 10 9
3 10 10
3 11 6
5 16 6
7 30 5
2 22 9
8 4 4
1 17 8
3 29 4
3 14
5 8 3
1 2 4
3 25 4
2 26 6
3 30 1
2 26 3
1 7 4
3 24 9
2 21 7
2 8 6
2 22 9
3 8 3
2 3 7
3 8 7
3 21 1
3 3
9 3 8
2 26 5
3 29 9
2 7 1
9 17
8 2 7 3 1 9 9 3 6
7 1 5
7 21 7
8 15 1
4 12 3
1 29 1
2 1 1
7 30 8
9 10 6
8 2 2
7 2 3
8 26 8
2 5 6
7 25 9
4 8 2
5 30 10
7 12 8
1 9 7
5 17
8 5 10 9 8
1 10 2
3 28 10
5 2 7
3 26 7
2 25 8
1 16 8
3 28 5
5 6 3
2 4 8
3 14 2
4 15 9
1 4 1
2 30 8
5 8 4
4 16 1
5 25 4
2 11 10
2 4
9 3
2 3 1
1 8 2
1 22 3
1 26 5
3 7
3 8 5
2 29 7
2 12 8
3 3 4
1 17 7
1 29 5
3 2 9
3 12 6
10 11
3 5 7 7 3 9 5 9 6 3
6 15 2
9 8 9
5 24 5
5 30 5
9 1 8
2 16 2
4 7 2
10 23 4
9 26 1
6 6 5
2 18 9
4 6
9 4 2 2
3 9 8
1 28 5
3 1 3
1 12 4
2 5 8
3 5 9
9 1
2 6 9 1 7 5 9 5 8
6 8 2
2 13
2 1
1 6 5
2 19 5
1 8 4
1 19 3
2 7 9
2 13 2
2 19 5
2 26 5
1 25 8
2 17 2
1 24 2
1 30 3
1 13 6
4 5
1 9 5 7
1 19 4
4 15 1
1 11 1
3 10 10
2 21 8
5 5
7 9 7 6 3
2 19 4
2 5 8
1 12 8
3 22 3
4 28 3
3 18
7 4 9
1 3 2
1 27 7
2 17 3
3 22 10
2 18 10
2 25 7
1 2 8
2 29 1
1 28 8
2 6 7
1 19 7
2 15 8
3 9 3
3 9 6
1 18 5
1 24 10
3 3 3
1 3 9
6 2
10 10 10 8 7 7
6 8 6
3 6 3
1 3
4
1 10 9
1 25 9
1 26 2
5 8
10 9 1 8 1
2 7 10
3 5 7
2 4 5
5 10 7
3 14 7
1 23 6
3 10 4
4 5 7
3 5
10 2 5
1 4 7
2 17 5
2 15 9
2 28 3
2 7 4
9 9
8 3 9 3 2 8 2 9 8
6 5 4
2 11 7
8 26 2
6 30 9
8 20 3
7 16 2
2 9 8
3 18 8
1 1 9
6 4
2 6 9 6 3 6
3 10 6
3 20 4
3 11 5
6 7 5
10 5
1 8 2 9 6 2 7 8 6 4
9 7 1
3 13 9
3 20 6
2 23 5
4 18 3
6 14
1 7 3 7 10 1
6 18 10
3 26 2
1 9 9
5 28 5
5 30 9
1 12 1
5 6 5
4 9 2
1 11 5
4 9 10
1 29 2
2 2 9
4 10 5
5 16 3
1 17
7
1 27 5
1 11 5
1 5 10
1 21 9
1 30 5
1 23 2
1 11 8
1 17 7
1 21 7
1 4 3
1 28 1
1 15 9
1 16 3
1 14 10
1 11 6
1 22 2
1 12 6
3 20
2 9 6
2 12 3
2 14 6
1 11 5
1 3 1
1 7 6
2 16 10
2 24 10
1 24 3
3 19 4
2 1 4
2 3 1
1 30 1
3 16 4
3 17 6
1 24 1
1 15 8
3 16 9
1 9 4
1 4 3
1 19 9
2 10
10 9
1 1 2
2 17 7
1 25 3
2 18 3
1 3 10
2 18 1
1 18 4
1 22 8
2 10 6
2 1 8
6 15
8 5 1 6 8 3
6 16 2
5 17 10
1 7 4
2 1 3
2 13 1
5 11 4
2 9 5
4 16 8
2 15 2
5 1 2
2 2 7
6 13 4
1 18 2
1 11 1
5 13 2
3 8
6 8 4
1 21 4
2 10 1
3 15 5
2 7 7
1 14 1
1 8 3
2 30 1
3 22 3
7 16
4 4 3 1 7 6 4
5 18 10
7 3 3
2 1 10
3 1 3
6 6 9
5 28 9
1 30 6
3 6 7
1 1 3
5 9 5
4 18 8
5 3 3
2 14 10
4 19 5
5 29 6
3 7 4
1 13
2
1 11 1
1 3 9
1 18 7
1 7 2
1 19 5
1 30 2
1 25 2
1 22 10
1 16 5
1 18 7
1 21 8
1 19 6
1 15 6
2 18
6 10
2 6 3
2 6 6
1 22 9
1 13 8
2 28 4
2 8 10
1 28 9
1 16 6
1 22 1
2 9 5
2 3 6
1 1 8
2 29 7
2 19 1
2 2 10
1 24 1
2 14 6
1 30 1
5 2
10 1 8 8 3
2 21 4
1 21 3
9 11
1 1 9 8 10 3 5 10 8
3 8 9
3 28 10
1 24 8
3 14 7
3 8 7
3 19 9
5 14 1
4 6 1
3 24 2
9 18 4
1 19 3
5 8
8 7 8 1 4
1 6 6
1 6 4
5 24 2
2 30 2
4 5 3
5 20 6
3 30 1
3 18 3
7 17
10 5 4 2 8 2 10
2 5 6
5 17 1
2 10 7
5 4 5
7 19 3
4 9 5
1 11 7
4 30 2
4 16 3
6 24 5
2 1 4
2 11 10
5 7 9
1 24 10
7 16 7
3 2 3
1 1 1
3 2
2 4 4
3 29 8
3 26 3
