5
20
13
1
21
7
3
3
7
11
14
1
8
14
1
2
5
5
15
5
7
1
2
8
1
20
24
14
21
3
13
5
3
10
3
6
1
12
4
4
2
5
1
12
7
0
20
18
15
8
9
7
14
2
2
20
18
13
1
15
3
12
1
11
10
5
4
3
9
1
1
10
21
5
3
9
1
13
2
12
9
16
3
13
9
20
5
5
1
1
20
13
3
19
3
7
5
15
19
2
17
14
23
19
12
10
7
3
5
19
12
3
6
3
2
16
2
16
15
10
0
8
4
5
20
13
15
5
5
1
19
16
23
16
23
1
2
1
23
12
4
14
18
4
19
5
21
10
10
16
21
4
4
16
4
7
15
2
15
10
14
2
5
19
3
18
12
13
7
22
6
3
9
20
15
1
5
4
1
5
4
9
4
10
14
19
4
6
5
14
1
11
2
14
12
21
2
1
11
3
2
2
5
6
3
5
16
12
21
3
22
16
3
13
14
13
5
8
10
16
2
2
4
9
3
3
3
11
2
3
16
9
9
5
9
3
6
9
12
4
17
5
3
24
7
13
4
2
18
2
9
2
4
7
6
1
5
13
11
15
21
14
0
5
16
6
5
17
15
20
5
5
9
2
1
23
1
1
4
3
3
2
9
0
19
19
14
2
1
6
6
2
2
14
23
12
5
23
0
21
15
14
4
1
18
11
10
1
3
12
1
5
11
4
5
1
2
4
8
5
12
3
7
11
3
18
1
7
17
4
19
8
18
14
10
6
8
24
8
10
18
17
11
0
3
10
8
21
3
17
4
11
2
2
0
11
17
16
5
11
7
6
10
15
3
13
2
4
9
2
14
9
1
18
3
0
22
9
6
14
20
4
2
2
8
4
19
0
12
8
6
6
15
6
16
2
2
11
7
9
0
21
15
1
8
0
1
18
12
15
3
16
7
0
15
21
2
12
22
17
4
22
0
1
1
2
6
14
3
15
21
3
3
1
5
9
9
22
11
6
6
1
2
3
4
5
0
0
18
11
9
10
1
6
4
10
21
1
7
1
14
22
9
10
13
1
22
12
10
2
13
2
0
5
4
17
5
10
5
7
1
0
6
17
5
5
19
2
11
1
1
1
6
2
4
3
2
16
4
2
4
1
1
1
12
20
2
12
3
22
1
18
19
3
8
5
12
2
8
15
1
6
6
11
1
3
13
8
10
6
1
3
1
5
7
10
1
14
2
2
3
0
18
5
1
5
18
21
18
21
4
16
13
17
12
13
1
3
14
1
1
11
2
12
5
19
3
10
6
5
3
3
2
1
8
11
3
13
1
1
1
5
19
4
11
2
23
9
0
20
2
21
2
19
9
1
12
12
2
19
3
3
9
15
3
4
2
6
4
5
0
8
14
5
12
5
8
19
12
3
16
15
19
20
6
1
7
5
21
15
20
16
1
2
0
15
3
11
6
0
2
7
19
12
22
6
4
7
15
1
1
3
2
4
3
7
23
6
16
3
2
2
19
15
5
2
