1 1
2 1/2
3 1/2
4 1/6
5 1/2
6 1/3
7 0
8 1/4
9 1/2
10 1/4
11 -1/30
12 0
13 1/3
14 1/2
15 1/5
16 0
17 -1/12
18 0
19 5/12
20 1/2
21 1/6
22 1/42
23 0
24 -1/6
25 0
26 1/2
27 1/2
28 1/7
29 0
30 1/12
31 0
32 -7/24
33 0
34 7/12
35 1/2
36 1/8
37 -1/30
38 0
39 2/9
40 0
41 -7/15
42 0
43 2/3
44 1/2
45 1/9
46 0
47 -3/20
48 0
49 1/2
50 0
51 -7/10
52 0
53 3/4
54 1/2
55 1/10
56 5/66
57 0
58 -1/2
59 0
60 1
61 0
62 -1
63 0
64 5/6
65 1/2
66 1/11
67 0
68 5/12
69 0
70 -11/8
71 0
72 11/6
73 0
74 -11/8
75 0
76 11/12
77 1/2
78 1/12
79 -691/2730
80 0
81 5/3
82 0
83 -33/10
84 0
85 22/7
86 0
87 -11/6
88 0
89 1
90 1/2
91 1/13
92 0
93 -691/420
94 0
95 65/12
96 0
97 -143/20
98 0
99 143/28
100 0
101 -143/60
102 0
103 13/12
104 1/2
105 1/14
106 7/6
107 0
108 -691/90
109 0
110 91/6
111 0
112 -143/10
113 0
114 143/18
115 0
116 -91/30
117 0
118 7/6
119 1/2
120 1/15
121 0
122 35/4
123 0
124 -691/24
125 0
126 455/12
127 0
128 -429/16
129 0
130 143/12
131 0
132 -91/24
133 0
134 5/4
135 1/2
136 1/16
137 -3617/510
138 0
139 140/3
140 0
141 -1382/15
142 0
143 260/3
144 0
145 -143/3
146 0
147 52/3
148 0
149 -14/3
150 0
151 4/3
152 1/2
153 1/17
154 0
155 -3617/60
156 0
157 595/3
158 0
159 -11747/45
160 0
161 1105/6
162 0
163 -2431/30
164 0
165 221/9
166 0
167 -17/3
168 0
169 17/12
170 1/2
171 1/18
172 43867/798
173 0
174 -3617/10
175 0
176 714
177 0
178 -23494/35
179 0
180 1105/3
181 0
182 -663/5
183 0
184 34
185 0
186 -34/5
187 0
188 3/2
189 1/2
190 1/19
191 0
192 43867/84
193 0
194 -68723/40
195 0
196 2261
197 0
198 -223193/140
199 0
200 4199/6
201 0
202 -4199/20
203 0
204 323/7
205 0
206 -323/40
207 0
208 19/12
209 1/2
210 1/20
211 -174611/330
212 0
213 219335/63
214 0
215 -68723/10
216 0
217 6460
218 0
219 -223193/63
220 0
221 41990/33
222 0
223 -323
224 0
225 1292/21
226 0
227 -19/2
228 0
229 5/3
230 1/2
231 1/21
232 0
233 -1222277/220
234 0
235 219335/12
236 0
237 -481061/20
238 0
239 33915/2
240 0
241 -223193/30
242 0
243 146965/66
244 0
245 -969/2
246 0
247 323/4
248 0
249 -133/12
250 0
251 7/4
252 1/2
253 1/22
254 854513/138
255 0
256 -1222277/30
257 0
258 482537/6
259 0
260 -755953/10
261 0
262 124355/3
263 0
264 -223193/15
265 0
266 11305/3
267 0
268 -3553/5
269 0
270 209/2
271 0
272 -77/6
273 0
274 11/6
275 1/2
276 1/23
277 0
278 854513/12
279 0
280 -28112371/120
281 0
282 11098351/36
283 0
284 -17386919/80
285 0
286 572033/6
287 0
288 -5133439/180
289 0
290 37145/6
291 0
292 -81719/80
293 0
294 4807/36
295 0
296 -1771/120
297 0
298 23/12
299 1/2
300 1/24
301 -236364091/2730
302 0
303 1709026/3
304 0
305 -28112371/25
306 0
307 22196702/21
308 0
309 -17386919/30
310 0
311 208012
312 0
313 -10266878/195
314 0
315 29716/3
316 0
317 -14421/10
318 0
319 506/3
320 0
321 -253/15
322 0
323 2
324 1/2
325 1/25
326 0
327 -1181820455/1092
328 0
329 21362825/6
330 0
331 -28112371/6
332 0
333 277458775/84
334 0
335 -17386919/12
336 0
337 1300075/3
338 0
339 -25667195/273
340 0
341 185725/12
342 0
343 -24035/12
344 0
345 1265/6
346 0
347 -115/6
348 0
349 25/12
350 1/2
351 1/26
352 8553103/6
353 0
354 -1181820455/126
355 0
356 55543345/3
357 0
358 -52208689/3
359 0
360 3606964075/378
361 0
362 -20548177/6
363 0
364 2600150/3
365 0
366 -10266878/63
367 0
368 142025/6
369 0
370 -16445/6
371 0
372 16445/63
373 0
374 -65/3
375 0
376 13/6
377 1/2
378 1/27
379 0
380 76977927/4
381 0
382 -3545461365/56
383 0
384 166630035/2
385 0
386 -469878201/8
387 0
388 721392815/28
389 0
390 -61644531/8
391 0
392 1671525
393 0
394 -15400317/56
395 0
396 142025/4
397 0
398 -29601/8
399 0
400 4485/14
401 0
402 -195/8
403 0
404 9/4
405 1/2
406 1/28
407 -23749461029/870
408 0
409 179615163
410 0
411 -709092273/2
412 0
413 333260070
414 0
415 -365460823/2
416 0
417 65581165
418 0
419 -33193209/2
420 0
421 3120180
422 0
423 -905901/2
424 0
425 52325
426 0
427 -9867/2
428 0
429 390
430 0
431 -273/10
432 0
433 7/3
434 1/2
435 1/29
436 0
437 -23749461029/60
438 0
439 5208839727/4
440 0
441 -6854558639/4
442 0
443 4832271015/4
444 0
445 -10598363867/20
446 0
447 1901853785/12
448 0
449 -137514723/4
450 0
451 22621305/4
452 0
453 -8757043/12
454 0
455 303485/4
456 0
457 -26013/4
458 0
459 1885/4
460 0
461 -609/20
462 0
463 29/12
464 1/2
465 1/30
466 8615841276005/14322
467 0
468 -23749461029/6
469 0
470 15626519181/2
471 0
472 -102818379585/14
473 0
474 8053785025/2
475 0
476 -31795091601/22
477 0
478 731482225/2
479 0
480 -137514723/2
481 0
482 19959975/2
483 0
484 -2304485/2
485 0
486 216775/2
487 0
488 -16965/2
489 0
490 1131/2
491 0
492 -203/6
493 0
494 5/2
495 1/2
496 1/31
497 0
498 8615841276005/924
499 0
500 -736233291899/24
501 0
502 161474031537/4
503 0
504 -3187369767135/112
505 0
506 49933467155/4
507 0
508 -328549279877/88
509 0
510 22675948975/28
511 0
512 -4262956413/32
513 0
514 68751025/4
515 0
516 -14287807/8
517 0
518 6720025/44
519 0
520 -175305/16
521 0
522 2697/4
523 0
524 -899/24
525 0
526 31/12
527 1/2
528 1/32
529 -7709321041217/510
530 0
531 68926730208040/693
532 0
533 -2944933167596/15
534 0
535 184541750328
536 0
537 -2124913178090/21
538 0
539 36315248840
540 0
541 -101092086116/11
542 0
543 36281518360/21
544 0
545 -4262956413/17
546 0
547 28947800
548 0
549 -57151228/21
550 0
551 2337400/11
552 0
553 -70122/5
554 0
555 7192/9
556 0
557 -124/3
558 0
559 8/3
560 1/2
561 1/33
562 0
563 -84802531453387/340
564 0
565 17231682552010/21
566 0
567 -16197132421778/15
568 0
569 761234720103
570 0
571 -2337404495899/7
572 0
573 99866934310
574 0
575 -21662589882
576 0
577 49887087745/14
578 0
579 -15630840181/34
580 0
581 47763870
582 0
583 -28575614/7
584 0
585 292175
586 0
587 -89001/5
588 0
589 19778/21
590 0
591 -682/15
592 0
593 11/4
594 1/2
595 1/34
596 2577687858367/6
597 0
598 -84802531453387/30
599 0
600 117175441353668/21
601 0
